1
2
3
5
6
7
8
10
14
15
16
17
20
22
27
30
31
35
36
39
40
43
47
48
49
52
53
55
56
58
61
62
63
64
67
68
71
73
75
77
78
80
81
82
92
93
96
97
99
103
104
105
106
107
109
110
111
112
118
119
120
122
123
124
126
132
133
139
143
144
148
149
150
151
152
153
164
166
167
168
170
171
172
174
176
178
180
186
187
189
191
192
197
199
200
201
205
206
207
208
209
210
213
214
215
216
218
222
227
229
231
235
236
237
241
243
244
245
247
248
249
250
251
253
254
255
256
257
259
262
263
266
269
270
271
274
279
281
283
284
285
286
288
289
290
292
293
294
298
299
300
302
304
305
315
316
317
318
322
324
327
328
329
332
335
341
345
346
347
348
349
350
353
355
356
357
360
361
362
363
368
369
370
374
376
379
380
382
383
388
392
396
397
398
402
403
404
405
413
414
416
417
418
419
420
421
423
424
425
426
427
429
433
434
436
440
441
442
444
445
452
453
456
460
463
464
465
466
468
472
473
474
475
477
478
480
482
483
484
485
487
489
490
492
497
499
500
501
502
503
505
506
507
508
509
510
511
513
519
523
534
535
537
540
546
550
552
553
556
557
559
561
564
566
569
570
571
574
577
578
579
580
583
588
591
592
595
598
607
614
616
626
630
632
633
634
637
639
640
641
648
650
651
652
653
654
655
656
657
659
660
663
665
667
672
674
675
682
693
697
698
699
700
702
703
704
705
707
708
709
711
712
714
715
716
717
718
722
726
727
728
729
730
732
733
738
739
740
743
744
746
748
749
751
752
754
758
763
766
767
769
770
771
772
773
774
776
782
783
784
788
790
794
795
796
805
806
808
809
810
814
821
822
824
827
828
832
834
840
842
843
845
846
848
850
852
853
860
861
864
865
867
868
869
870
871
875
877
879
886
904
906
914
917
920
922
927
929
935
938
939
943
946
948
949
950
951
953
954
955
956
962
967
968
969
970
972
983
986
989
994
996
997
998
999
1000
1004
1008
1009
1011
1014
1015
1020
1022
1028
1029
1034
1035
1041
1045
1046
1047
1048
1054
1055
1056
1060
1061
1062
1063
1068
1076
1082
1084
1090
1096
1097
1098
1101
1103
1105
1109
1110
1111
1112
1117
1118
1119
1120
1123
1124
1131
1135
1137
1138
1139
1141
1146
1147
1151
1154
1157
1160
1162
1164
1165
1167
1170
1178
1179
1181
1182
1184
1186
1188
1189
1192
1194
1195
1198
1199
1200
1201
1202
1203
1204
1205
1206
1207
1208
1211
1212
1214
1215
1220
1221
1225
1227
1229
1234
1239
1242
1243
1244
1245
1249
1251
1253
1254
1256
1263
1264
1272
1273
1274
1275
1278
1282
1286
1289
1290
1292
1295
1296
1297
1298
1299
1300
1304
1308
1309
1311
1312
1313
1314
1318
1319
1320
1321
1327
1328
1329
1330
1331
1332
1335
1336
1337
1339
1340
1341
1342
1343
1344
1346
1347
1348
1351
1354
1357
1358
1359
1360
1361
1363
1364
1365
1368
1369
1370
1371
1374
1376
1377
1379
1381
1384
1386
1389
1390
1391
1395
1396
1398
1399
1401
1403
1404
1406
1407
1408
1409
1410
1411
1412
1414
1415
1418
1420
1421
1422
1424
1427
1428
1431
1432
1435
1436
1437
1438
1439
1442
1446
1447
1448
1450
1453
1455
1456
1457
1460
1461
1462
1466
1469
1470
1471
1472
1474
1475
1479
1482
1484
1489
1490
1499
1500
1501
1503
1504
1506
1509
1510
1517
1519
1521
1522
1531
1532
1535
1536
1539
1540
1543
1544
1545
1546
1547
1550
1551
1555
1559
1560
1561
1562
1563
1564
1565
1569
1570
1572
1573
1575
1578
1580
1584
1585
1588
1589
1590
1592
1594
1600
1601
1602
1605
1609
1610
1615
1616
1618
1619
1620
1624
1630
1633
1635
1636
1638
1643
1647
1648
1650
1653
1654
1658
1659
1663
1664
1666
1673
1676
1677
1680
1681
1682
1683
1686
1687
1688
1689
1691
1693
1695
1699
1703
1704
1706
1707
1708
1710
1712
1716
1719
1721
1722
1723
1724
1726
1727
1729
1732
1734
1736
1737
1738
1739
1740
1741
1743
1745
1746
1747
1748
1750
1752
1753
1754
1755
1758
1759
1762
1763
1764
1766
1769
1770
1771
1773
1774
1775
1777
1778
1781
1788
1789
1790
1791
1792
1795
1796
1797
1798
1799
1802
1803
1804
1805
1806
1808
1809
1810
1813
1819
1821
1825
1828
1831
1832
1835
1837
1841
1842
1844
1845
1848
1849
1850
1854
1855
1856
1857
1860
1862
1864
1866
1868
1869
1870
1873
1875
1881
1882
1892
1893
1895
1897
1899
1900
1901
1903
1904
1905
1906
1907
1908
1911
1915
1916
1917
1918
1936
1937
1939
1940
1941
1942
1943
1944
1945
1946
1947
1949
1952
1953
1954
1958
1961
1962
1963
1967
1968
1971
1972
1973
1977
1978
1979
1980
1983
1986
1987
1988
1989
1992
1994
1995
1996
1997
1998
1999
2002
2003
2005
2006
2007
2009
2010
2012
2017
2018
2019
2020
2021
2023
2024
2025
2030
2031
2034
2037
2040
2042
2043
2044
2045
2047
2049
2050
2051
2052
2053
2054
2059
2062
2068
2070
2075
2077
2078
2081
2082
2085
2087
2090
2092
2094
2095
2096
2098
2099
2105
2107
2109
2110
2115
2116
2118
2120
2125
2126
2127
2128
2129
2131
2132
2136
2138
2140
2147
2149
2159
2161
2162
2165
2168
2171
2172
2179
2182
2184
2186
2193
2194
2195
2196
2208
2218
2219
2220
2221
2223
2225
2228
2229
2230
2231
2232
2233
2234
2237
2238
2239
2240
2243
2244
2245
2247
2249
2250
2252
2264
2266
2267
2268
2271
2272
2274
2275
2279
2280
2287
2288
2291
2297
2298
2299
2300
2301
2304
2305
2308
2309
2310
2311
2313
2314
2317
2320
2323
2324
2325
2327
2329
2332
2334
2335
2336
2338
2343
2348
2349
2350
2351
2352
2354
2355
2356
2358
2359
2360
2362
2363
2364
2366
2367
2374
2376
2377
2378
2379
2381
2382
2383
2384
2385
2390
2399
2401
2403
2405
2407
2408
2413
2414
2415
2416
2420
2421
2423
2427
2429
2430
2431
2434
2437
2439
2441
2442
2443
2444
2447
2448
2451
2452
2453
2454
2457
2460
2461
2462
2463
2464
2474
2475
2478
2488
2489
2490
2493
2494
2495
2496
2497
2502
2503
2504
2505
2506
2507
2508
2509
2511
2513
2516
2518
2519
2520
2521
2524
2526
2528
2530
2531
2532
2533
2534
2536
2537
2540
2541
2545
2552
2553
2554
2555
2557
2564
2565
2567
2569
2574
2581
2583
2585
2586
2588
2592
2594
2599
2604
2607
2609
2611
2614
2615
2616
2619
2620
2622
2624
2625
2627
2628
2629
2631
2633
2640
2641
2644
2645
2651
2659
2664
2665
2666
2669
2670
2671
2672
2673
2674
2676
2678
2680
2685
2686
2687
2688
2689
2690
2694
2695
2697
2698
2699
2700
2701
2702
2703
2704
2705
2706
2709
2710
2711
2713
2714
2718
2722
2723
2724
2727
2729
2731
2732
2734
2738
2739
2741
2744
2746
2749
2750
2753
2757
2760
2762
2766
2771
2773
2775
2777
2780
2781
2782
2785
2792
2798
2800
2801
2802
2803
2804
2805
2806
2807
2808
2812
2813
2814
2815
2816
2821
2823
2828
2829
2838
2839
2840
2844
2850
2853
2857
2858
2859
2867
2869
2871
2874
2875
2876
2877
2878
2879
2880
2881
2883
2884
2885
2886
2889
2893
2895
2897
2898
2903
2904
2905
2908
2912
2913
2916
2917
2922
2926
2927
2928
2929
2933
2940
2941
2942
2944
2947
2950
2951
2952
2954
2956
2959
2960
2961
2962
2964
2965
2966
2967
2972
2975
2976
2983
2984
2985
2986
2988
3001
3002
3004
3008
3012
3023
3024
3030
3035
3037
3039
3041
3042
3043
3049
3052
3053
3054
3055
3056
3057
3058
3059
3062
3063
3064
3066
3068
3069
3071
3073
3074
3075
3076
3077
3078
3082
3085
3088
3089
3092
3098
3100
3101
3102
3103
3107
3108
3112
3114
3117
3121
3123
3126
3131
3136
3139
3140
3143
3146
3150
3151
3154
3157
3158
3160
3162
3163
3164
3170
3175
3178
3180
3184
3185
3198
3200
3201
3207
3208
3209
3213
3214
3216
3219
3220
3225
3228
3239
3242
3243
3244
3245
3246
3249
3254
3256
3259
3260
3261
3267
3269
3275
3280
3284
3286
3287
3295
3298
3299
3300
3301
3302
3303
3308
3312
3313
3314
3315
3317
3322
3328
3329
3330
3335
3337
3338
3339
3340
3342
3348
3350
3351
3355
3357
3358
3359
3361
3362
3365
3366
3367
3368
3370
3372
3374
3379
3380
3383
3386
3389
3390
3391
3392
3393
3394
3395
3396
3397
3398
3400
3401
3402
3403
3404
3405
3406
3407
3408
3409
3410
3411
3412
3413
3414
3415
3416
3421
3422
3424
3429
3432
3433
3434
3435
3436
3438
3439
3441
3446
3447
3448
3449
3450
3452
3453
3455
3457
3459
3461
3462
3463
3469
3471
3474
3477
3478
3479
3480
3481
3482
3484
3485
3486
3487
3490
3495
3496
3497
3498
3502
3503
3505
3507
3508
3511
3514
3515
3516
3517
3521
3523
3524
3525
3529
3530
3531
3532
3534
3535
3536
3538
3539
3544
3545
3546
3547
3549
3550
3551
3553
3554
3556
3557
3559
3560
3564
3570
3572
3573
3575
3576
3577
3580
3581
3582
3583
3585
3587
3588
3590
3591
3594
3599
3606
3607
3608
3609
3612
3613
3615
3621
3622
3623
3625
3626
3627
3628
3634
3635
3643
3644
3649
3651
3652
3654
3655
3656
3662
3663
3664
3667
3670
3671
3672
3673
3676
3677
3678
3679
3681
3682
3683
3684
3689
3691
3695
3700
3701
3706
3708
3711
3712
3713
3714
3716
3719
3728
3729
3738
3739
3742
3744
3746
3747
3748
3749
3751
3756
3760
3761
3762
3763
3766
3769
3771
3773
3776
3779
3781
3783
3788
3789
3790
3791
3792
3797
3807
3810
3815
3823
3829
3835
3838
3841
3845
3847
3855
3856
3857
3858
3861
3864
3865
3874
3875
3878
3881
3894
3897
3900
3905
3906
3908
3910
3912
3913
3915
3916
3921
3929
3933
3934
3935
3936
3937
3938
3940
3946
3947
3963
3967
3968
3973
3980
3983
3984
3985
3989
3990
3998
3999
4003
4006
4009
4010
4011
4012
4015
4017
4018
4022
4023
4026
4027
4033
4043
4044
4047
4048
4049
4051
4052
4053
4054
4055
4056
4058
4062
4063
4064
4065
4066
4067
4068
4069
4070
4071
4079
4081
4084
4089
4093
4099
4100
4101
4102
4103
4104
4110
4111
4112
4113
4115
4116
4119
4120
4122
4128
4131
4134
4135
4148
4151
4152
4164
4169
4173
4174
4188
4189
4192
4193
4194
4197
4198
4201
4202
4203
4204
4210
4212
4217
4223
4224
4225
4228
4229
4234
4237
4238
4240
4252
4253
4262
4263
4268
4269
4271
4272
4279
4281
4283
4284
4285
4290
4292
4297
4301
4306
4308
4310
4313
4315
4318
4319
4321
4325
4326
4329
4331
4334
4337
4338
4339
4340
4351
4352
4355
4357
4358
4359
4360
4361
4373
4374
4389
4390
4395
4396
4397
4399
4402
4405
4413
4414
4418
4419
4422
4424
4431
4432
4434
4443
4445
4458
4459
4461
4462
4463
4465
4466
4470
4475
4477
4485
4487
4489
4493
4502
4506
4507
4509
4513
4518
4519
4522
4528
4529
4530
4536
4538
4542
4543
4545
4546
4547
4548
4549
4550
4557
4559
4562
4563
4564
4565
4566
4568
4572
4573
4574
4576
4577
4578
4579
4580
4581
4582
4583
4585
4586
4587
4588
4589
4590
4591
4593
4594
4595
4600
4608
4609
4612
4613
4615
4619
4620
4621
4627
4628
4629
4630
4631
4638
4639
4650
4651
4656
4657
4660
4662
4663
4667
4668
4671
4672
4673
4684
4686
4688
4689
4690
4691
4694
4695
4696
4697
4704
4706
4707
4708
4713
4715
4716
4717
4718
4719
4720
4721
4722
4724
4725
4726
4730
4734
4737
4739
4743
4745
4748
4749
4750
4751
4754
4764
4766
4770
4776
4783
4785
4786
4788
4791
4796
4797
4798
4799
4805
4806
4808
4809
4811
4813
4814
4816
4819
4822
4823
4825
4826
4828
4829
4833
4835
4842
4848
4850
4851
4853
4858
4859
4860
4879
4880
4881
4884
4885
4886
4887
4889
4890
4892
4894
4896
4899
4901
4902
4903
4907
4910
4911
4912
4915
4916
4919
4922
4928
4929
4930
4931
4932
4935
4936
4937
4938
4939
4940
4941
4942
4945
4950
4951
4954
4955
4956
4957
4960
4962
4963
4967
4968
4972
4988
4991
4994
4995
4996
5000
5001
5003
5004
5008
5012
5015
5020
5022
5023
5025
5026
5028
5029
5031
5035
5038
5041
5043
5044
5047
5048
5052
5055
5056
5057
5058
5059
5061
5062
5063
5064
5065
5074
5084
5089
5090
5093
5095
5096
5104
5110
5111
5112
5116
5117
5130
5131
5135
5138
5139
5140
5141
5151
5152
5154
5157
5158
5159
5160
5161
5162
5164
5165
5166
5169
5170
5171
5172
5175
5176
5177
5182
5183
5184
5185
5186
5188
5189
5190
5191
5194
5196
5198
5200
5201
5204
5205
5209
5212
5213
5215
5216
5218
5219
5222
5223
5225
5230
5231
5234
5242
5247
5248
5250
5251
5254
5255
5256
5257
5258
5259
5266
5267
5273
5276
5277
5278
5279
5282
5284
5288
5289
5290
5291
5294
5295
5296
5301
5302
5303
5305
5306
5311
5316
5317
5319
5321
5322
5323
5324
5326
5333
5334
5335
5341
5343
5344
5345
5346
5347
5348
5349
5350
5351
5352
5362
5364
5366
5367
5368
5369
5371
5375
5377
5381
5383
5384
5388
5390
5391
5393
5394
5397
5398
5402
5404
5409
5411
5412
5413
5414
5415
5416
5424
5427
5429
5430
5431
5433
5438
5441
5442
5443
5446
5453
5454
5455
5464
5465
5466
5468
5469
5470
5471
5472
5473
5474
5476
5477
5480
5484
5485
5486
5489
5490
5491
5509
5511
5514
5515
5516
5517
5519
5520
5521
5522
5523
5524
5529
5530
5532
5533
5534
5535
5536
5538
5540
5541
5544
5546
5549
5550
5551
5552
5557
5558
5561
5562
5564
5565
5568
5570
5573
5575
5579
5580
5583
5585
5588
5591
5597
5598
5599
5601
5603
5605
5606
5607
5608
5609
5610
5617
5618
5619
5622
5623
5624
5628
5629
5636
5637
5640
5641
5642
5643
5644
5645
5648
5649
5650
5652
5653
5654
5655
5659
5661
5662
5666
5667
5668
5671
5672
5676
5680
5681
5684
5685
5686
5688
5691
5692
5693
5701
5702
5705
5706
5707
5709
5710
5713
5714
5715
5716
5717
5718
5719
5720
5724
5725
5732
5734
5735
5742
5743
5744
5745
5746
5748
5749
5752
5753
5754
5755
5759
5761
5762
5763
5764
5765
5766
5770
5771
5776
5778
5785
5788
5791
5793
5794
5795
5797
5798
5799
5800
5801
5803
5806
5807
5810
5811
5817
5834
5835
5836
5838
5840
5842
5849
5850
5851
5853
5854
5855
5856
5858
5860
5863
5864
5865
5868
5869
5872
5873
5874
5875
5876
5879
5883
5884
5885
5894
5897
5899
5900
5901
5903
5904
5907
5908
5909
5910
5911
5912
5913
5915
5917
5918
5919
5924
5932
5933
5935
5936
5937
5944
5947
5948
5950
5951
5959
5961
5962
5963
5965
5966
5969
5971
5972
5973
5974
5976
5979
5980
5982
5983
5984
5985
5986
5987
5988
5989
5992
5997
5999
6000
6005
6006
6007
6009
6012
6013
6014
6019
6020
6021
6022
6023
6024
6033
6041
6042
6045
6049
6050
6051
6052
6056
6057
6060
6062
6066
6067
6077
6079
6083
6086
6087
6090
6091
6103
6104
6105
6114
6115
6116
6122
6136
6140
6141
6142
6146
6147
6148
6150
6151
6154
6159
6160
6181
6182
6188
6191
6193
6194
6199
6207
6208
6211
6212
6215
6217
6218
6220
6221
6222
6223
6225
6227
6228
6229
6230
6233
6237
6239
6242
6245
6247
6249
6250
6251
6252
6253
6255
6257
6258
6259
6260
6263
6264
6270
6271
6272
6273
6275
6279
6280
6281
6282
6283
6288
6290
6292
6294
6296
6298
6310
6312
6313
6316
6318
6319
6320
6322
6324
6325
6330
6341
6343
6344
6345
6346
6350
6353
6355
6359
6360
6363
6365
6368
6369
6372
6373
6375
6383
6386
6387
6388
6389
6390
6391
6392
6393
6396
6398
6399
6401
6403
6404
6412
6413
6414
6415
6419
6421
6424
6425
6426
6427
6428
6429
6432
6433
6434
6435
6436
6439
6440
6441
6443
6445
6446
6447
6450
6453
6457
6458
6459
6461
6462
6463
6464
6465
6472
6475
6477
6481
6483
6485
6490
6491
6492
6493
6495
6503
6507
6508
6510
6511
6515
6517
6519
6520
6521
6522
6523
6525
6527
6528
6529
6530
6531
6536
6542
6544
6548
6549
6550
6553
6554
6557
6558
6564
6565
6568
6569
6570
6574
6575
6576
6577
6579
6584
6587
6589
6590
6591
6592
6593
6595
6597
6599
6601
6602
6603
6604
6607
6608
6609
6610
6612
6613
6614
6615
6616
6617
6619
6620
6621
6622
6623
6626
6628
6631
6634
6635
6636
6638
6640
6643
6644
6645
6652
6653
6655
6656
6657
6659
6660
6661
6664
6666
6667
6668
6669
6673
6675
6676
6678
6679
6684
6685
6688
6690
6693
6694
6695
6697
6698
6702
6703
6705
6706
6708
6709
6710
6711
6712
6714
6716
6717
6723
6724
6725
6728
6729
6732
6734
6735
6740
6741
6742
6743
6744
6745
6746
6747
6751
6752
6754
6755
6756
6757
6758
6759
6760
6761
6764
6766
6767
6770
6771
6772
6773
6775
6776
6778
6779
6780
6784
6785
6786
6787
6788
6790
6791
6792
6793
6800
6805
6806
6807
6816
6817
6818
6819
6821
6823
6824
6825
6828
6829
6830
6832
6833
6834
6836
6837
6839
6841
6843
6844
6845
6847
6851
6856
6858
6859
6860
6861
6864
6865
6869
6881
6894
6910
6916
6917
6918
6919
6921
6923
6926
6928
6932
6937
6938
6940
6944
6945
6946
6951
6952
6953
6954
6955
6959
6960
6969
6971
6972
6975
6976
6989
6990
6992
6995
6997
6998
6999
7002
7003
7008
7009
7017
7018
7024
7028
7030
7031
7033
7034
7035
7036
7038
7039
7041
7043
7045
7046
7050
7051
7052
7056
7059
7060
7062
7063
7065
7067
7076
7077
7078
7079
7080
7081
7085
7087
7088
7089
7091
7095
7098
7100
7101
7105
7107
7118
7122
7126
7128
7129
7131
7142
7143
7148
7152
7154
7157
7158
7159
7164
7165
7166
7167
7169
7174
7178
7181
7182
7186
7187
7193
7197
7203
7205
7209
7226
7227
7231
7236
7238
7240
7241
7242
7243
7244
7247
7248
7249
7250
7251
7255
7256
7257
7258
7266
7269
7270
7271
7272
7273
7276
7277
7280
7281
7282
7283
7284
7286
7287
7294
7296
7297
7299
7300
7303
7304
7308
7310
7311
7312
7313
7314
7315
7317
7318
7319
7320
7321
7322
7323
7324
7326
7329
7331
7332
7333
7334
7335
7336
7337
7339
7340
7342
7344
7346
7347
7348
7349
7351
7354
7355
7356
7357
7358
7362
7365
7366
7368
7372
7373
7376
7383
7385
7387
7388
7389
7393
7396
7397
7401
7402
7403
7404
7406
7407
7408
7409
7413
7414
7416
7418
7419
7420
7423
7424
7425
7426
7427
7428
7430
7431
7434
7441
7443
7445
7449
7450
7455
7456
7457
7472
7479
7493
7504
7518
7519
7520
7522
7530
7531
7541
7543
7545
7549
7551
7564
7565
7568
7569
7572
7573
7574
7575
7580
7592
7600
7601
7602
7603
7604
7608
7612
7615
7617
7619
7622
7624
7626
7630
7631
7640
7641
7642
7644
7647
