0
9
11
12
13
18
19
21
23
24
25
26
28
30
34
35
37
38
40
41
42
44
45
46
47
50
51
53
54
55
57
58
59
62
64
65
66
67
68
69
70
71
74
76
79
83
84
85
86
87
88
89
90
91
93
95
97
98
100
101
102
104
108
111
113
115
116
117
120
125
127
128
130
131
135
136
137
138
141
145
146
147
154
155
156
157
158
160
161
162
163
165
169
175
177
179
181
183
184
185
188
189
190
193
196
202
203
204
211
213
217
219
220
223
224
225
226
227
230
231
232
233
234
238
242
246
252
258
260
261
263
265
268
270
271
272
273
275
276
277
278
280
282
287
288
289
295
296
297
303
306
307
308
309
310
311
312
313
314
319
320
321
323
324
325
326
331
334
335
336
337
338
339
340
343
349
350
351
352
353
354
359
361
367
371
372
373
375
377
378
381
384
385
386
387
389
390
391
393
394
395
397
399
400
401
406
407
409
410
411
412
413
421
422
425
428
430
431
432
435
438
439
442
446
447
448
449
450
451
454
455
456
457
458
461
462
467
469
470
471
472
476
479
481
486
488
489
491
494
495
496
498
499
501
504
506
510
512
514
515
516
517
518
520
521
522
524
526
528
529
530
532
533
536
538
539
542
543
547
549
554
555
558
560
562
565
567
568
569
571
573
576
578
580
584
585
586
587
589
590
592
593
594
596
597
599
603
604
605
606
607
608
610
611
612
613
615
617
618
619
621
623
624
625
627
628
629
631
635
636
638
642
643
644
645
646
647
649
650
658
661
662
664
666
668
669
670
673
676
678
679
680
681
683
684
685
686
687
690
691
692
694
696
697
700
701
702
703
706
709
710
713
718
719
720
721
724
725
731
732
734
735
736
739
741
742
744
745
747
750
751
753
754
756
757
758
759
761
762
764
765
766
767
768
769
777
778
779
780
786
787
788
789
791
792
793
797
798
799
801
802
803
804
806
807
811
813
815
816
817
818
819
820
822
823
825
826
827
829
830
833
834
835
836
837
839
841
843
844
847
848
849
850
857
858
859
861
862
863
867
868
872
873
878
880
881
882
883
885
887
888
889
891
892
893
894
896
898
899
900
901
902
903
905
907
908
909
911
913
915
918
919
921
922
923
924
925
926
927
928
930
931
932
934
936
937
938
940
942
944
947
952
956
957
958
959
960
963
964
965
966
968
973
974
975
976
977
978
979
982
984
985
987
988
990
991
992
995
1000
1002
1003
1007
1010
1012
1013
1016
1017
1018
1021
1023
1024
1025
1026
1030
1031
1032
1033
1036
1037
1038
1039
1040
1041
1042
1043
1044
1045
1049
1050
1051
1054
1056
1058
1060
1066
1067
1068
1069
1070
1071
1072
1073
1074
1075
1077
1078
1079
1081
1083
1085
1086
1087
1088
1089
1092
1093
1094
1099
1100
1101
1102
1103
1107
1108
1113
1115
1116
1117
1119
1120
1122
1125
1127
1128
1129
1132
1133
1134
1138
1139
1141
1142
1144
1145
1146
1148
1149
1150
1152
1155
1156
1158
1159
1161
1165
1166
1168
1171
1172
1173
1174
1175
1177
1178
1179
1183
1185
1186
1187
1188
1190
1192
1196
1204
1205
1210
1212
1213
1215
1216
1217
1218
1219
1221
1222
1226
1228
1230
1232
1233
1235
1237
1238
1240
1241
1246
1247
1248
1250
1251
1252
1255
1258
1259
1260
1261
1262
1265
1266
1268
1269
1270
1271
1274
1277
1278
1279
1282
1283
1284
1287
1289
1293
1298
1300
1303
1305
1307
1308
1309
1311
1312
1315
1316
1317
1318
1322
1323
1324
1326
1327
1333
1334
1338
1342
1343
1345
1349
1350
1352
1353
1355
1356
1358
1359
1362
1366
1367
1372
1373
1375
1378
1380
1382
1384
1385
1387
1388
1391
1392
1394
1395
1397
1398
1399
1400
1402
1403
1410
1413
1416
1417
1420
1422
1425
1426
1429
1430
1433
1434
1438
1440
1443
1444
1445
1447
1449
1451
1452
1454
1458
1463
1464
1465
1466
1467
1468
1469
1470
1473
1476
1477
1478
1480
1481
1483
1484
1485
1486
1487
1488
1491
1492
1495
1497
1498
1508
1509
1511
1512
1514
1515
1516
1518
1520
1523
1524
1525
1526
1527
1529
1530
1533
1534
1537
1538
1542
1545
1548
1550
1552
1553
1554
1556
1557
1558
1560
1564
1565
1566
1567
1568
1570
1571
1574
1575
1576
1577
1579
1580
1581
1582
1583
1585
1586
1591
1592
1593
1595
1596
1597
1599
1603
1604
1606
1607
1608
1611
1612
1613
1614
1616
1617
1621
1622
1623
1625
1627
1628
1631
1637
1639
1640
1641
1643
1644
1645
1646
1649
1650
1651
1652
1654
1655
1656
1657
1660
1661
1662
1665
1666
1667
1669
1672
1674
1675
1678
1679
1681
1682
1684
1685
1687
1690
1694
1696
1698
1701
1705
1710
1711
1713
1714
1715
1718
1719
1720
1728
1729
1730
1731
1744
1749
1751
1752
1755
1756
1757
1760
1761
1765
1767
1768
1772
1778
1779
1782
1783
1784
1785
1786
1787
1793
1797
1800
1808
1811
1814
1815
1816
1817
1818
1822
1823
1824
1826
1827
1829
1830
1834
1838
1839
1843
1845
1846
1851
1852
1858
1859
1862
1863
1865
1867
1871
1873
1874
1875
1876
1877
1878
1879
1880
1883
1884
1887
1888
1889
1890
1891
1894
1895
1896
1902
1904
1905
1912
1914
1919
1920
1921
1922
1924
1925
1927
1928
1929
1931
1933
1935
1938
1940
1941
1943
1948
1950
1951
1956
1957
1959
1963
1964
1965
1969
1970
1974
1976
1983
1984
1985
1986
1990
1999
2000
2001
2004
2005
2006
2011
2012
2013
2014
2015
2017
2019
2022
2026
2028
2029
2033
2035
2036
2038
2041
2046
2049
2055
2057
2058
2060
2061
2062
2063
2064
2065
2066
2069
2072
2074
2076
2078
2079
2080
2081
2083
2084
2086
2088
2089
2091
2093
2097
2099
2100
2101
2102
2103
2104
2106
2107
2108
2111
2112
2113
2114
2117
2119
2122
2123
2124
2128
2129
2130
2131
2133
2135
2139
2140
2142
2143
2144
2145
2146
2148
2149
2150
2151
2152
2153
2154
2155
2157
2158
2160
2164
2165
2169
2170
2174
2175
2177
2178
2180
2181
2183
2184
2185
2187
2188
2189
2190
2191
2192
2194
2196
2197
2198
2199
2200
2201
2202
2204
2206
2207
2209
2211
2212
2215
2216
2217
2220
2226
2227
2235
2246
2247
2252
2253
2254
2255
2256
2257
2258
2260
2261
2262
2263
2265
2269
2272
2273
2276
2278
2282
2283
2286
2288
2289
2292
2293
2294
2295
2296
2302
2303
2306
2307
2315
2317
2318
2319
2321
2322
2323
2326
2328
2330
2333
2340
2341
2344
2347
2350
2353
2355
2361
2365
2368
2369
2371
2372
2373
2375
2380
2383
2384
2386
2387
2388
2389
2391
2392
2394
2395
2396
2397
2398
2400
2401
2402
2404
2405
2406
2407
2409
2410
2411
2412
2415
2417
2418
2419
2422
2423
2424
2425
2427
2429
2432
2433
2434
2436
2440
2441
2443
2445
2446
2449
2450
2451
2455
2456
2458
2459
2466
2467
2468
2469
2470
2473
2476
2477
2479
2480
2482
2484
2485
2486
2487
2489
2491
2492
2498
2499
2500
2501
2503
2505
2510
2515
2517
2522
2523
2525
2529
2534
2535
2538
2539
2540
2541
2542
2543
2544
2545
2546
2547
2548
2549
2551
2558
2559
2560
2561
2562
2563
2566
2568
2570
2571
2572
2573
2575
2576
2577
2578
2581
2582
2584
2585
2587
2590
2591
2592
2593
2595
2596
2597
2598
2599
2600
2601
2602
2603
2605
2608
2610
2614
2617
2618
2621
2623
2626
2630
2632
2634
2635
2636
2637
2638
2641
2642
2643
2644
2646
2647
2648
2649
2650
2651
2652
2653
2655
2656
2657
2658
2660
2661
2663
2664
2667
2668
2671
2677
2680
2681
2683
2691
2692
2693
2696
2704
2705
2707
2708
2712
2713
2715
2716
2717
2720
2721
2722
2726
2728
2730
2733
2735
2736
2737
2740
2742
2743
2745
2747
2748
2750
2751
2754
2755
2756
2757
2759
2761
2763
2764
2765
2767
2768
2769
2770
2772
2778
2783
2786
2787
2789
2793
2794
2795
2796
2797
2799
2800
2804
2809
2811
2817
2818
2819
2820
2821
2822
2824
2825
2826
2829
2830
2831
2832
2833
2834
2836
2843
2845
2846
2847
2848
2849
2851
2852
2854
2855
2856
2860
2861
2862
2863
2864
2865
2866
2867
2868
2869
2870
2872
2873
2882
2887
2888
2891
2892
2894
2896
2898
2899
2900
2906
2907
2908
2909
2910
2913
2914
2918
2921
2922
2923
2924
2926
2928
2930
2931
2932
2933
2935
2937
2938
2939
2942
2943
2945
2946
2948
2955
2957
2958
2960
2961
2963
2968
2970
2971
2974
2976
2978
2979
2981
2982
2983
2987
2989
2990
2993
2994
2996
2997
2998
2999
3000
3005
3006
3007
3008
3010
3011
3012
3013
3015
3016
3017
3019
3020
3021
3023
3026
3027
3028
3031
3032
3034
3036
3038
3040
3044
3046
3047
3048
3051
3055
3056
3059
3060
3063
3065
3067
3070
3072
3078
3079
3080
3081
3083
3084
3087
3090
3091
3095
3097
3099
3104
3105
3106
3108
3111
3113
3115
3116
3118
3119
3120
3121
3122
3124
3125
3127
3128
3129
3130
3132
3133
3134
3136
3137
3140
3141
3142
3143
3144
3145
3146
3147
3148
3149
3153
3155
3156
3157
3159
3160
3161
3164
3165
3166
3167
3168
3171
3174
3176
3177
3179
3181
3182
3185
3186
3187
3188
3189
3190
3192
3193
3195
3198
3199
3202
3203
3204
3205
3206
3207
3210
3213
3215
3217
3218
3221
3223
3224
3229
3231
3232
3236
3237
3238
3247
3250
3251
3252
3253
3255
3257
3262
3263
3264
3266
3268
3270
3271
3272
3273
3274
3276
3277
3278
3281
3283
3285
3286
3288
3289
3291
3292
3293
3296
3297
3304
3307
3311
3313
3316
3318
3319
3320
3321
3325
3326
3327
3331
3334
3341
3344
3345
3348
3350
3352
3354
3356
3361
3362
3363
3364
3369
3372
3373
3375
3376
3377
3378
3381
3384
3385
3387
3392
3399
3414
3417
3418
3419
3420
3422
3423
3425
3426
3427
3428
3431
3442
3456
3458
3465
3466
3468
3473
3475
3476
3483
3485
3488
3489
3490
3491
3492
3493
3496
3498
3500
3501
3509
3510
3512
3513
3518
3520
3522
3524
3526
3528
3531
3540
3541
3542
3543
3552
3553
3555
3557
3562
3563
3565
3566
3569
3571
3573
3579
3584
3585
3586
3592
3595
3596
3599
3601
3602
3603
3605
3607
3609
3610
3611
3614
3618
3619
3620
3630
3631
3632
3633
3634
3636
3637
3639
3640
3642
3647
3649
3650
3652
3653
3656
3657
3658
3659
3660
3661
3663
3665
3666
3668
3674
3675
3680
3686
3687
3688
3692
3693
3694
3696
3697
3698
3702
3703
3707
3709
3722
3723
3724
3725
3726
3727
3730
3731
3734
3735
3736
3737
3740
3741
3742
3750
3753
3755
3757
3758
3759
3760
3764
3765
3767
3768
3770
3774
3775
3777
3780
3781
3782
3785
3786
3787
3789
3794
3795
3796
3799
3800
3801
3802
3805
3808
3812
3813
3814
3816
3817
3819
3820
3821
3823
3824
3825
3826
3827
3828
3832
3833
3834
3836
3837
3839
3840
3841
3842
3843
3844
3846
3848
3849
3850
3851
3853
3854
3859
3860
3862
3863
3865
3866
3867
3870
3872
3876
3877
3878
3879
3880
3882
3883
3884
3885
3886
3887
3888
3889
3890
3891
3893
3894
3896
3897
3898
3899
3901
3902
3903
3904
3907
3909
3911
3917
3918
3919
3920
3922
3924
3925
3926
3927
3928
3930
3931
3932
3937
3939
3940
3941
3942
3943
3944
3945
3947
3948
3949
3950
3951
3952
3953
3954
3956
3957
3959
3961
3963
3964
3965
3966
3969
3971
3972
3975
3976
3977
3978
3979
3981
3982
3987
3988
3991
3992
3993
3994
3995
3996
3997
3998
4001
4003
4004
4005
4007
4009
4012
4013
4014
4016
4017
4021
4022
4024
4025
4028
4029
4030
4031
4032
4034
4036
4037
4038
4039
4040
4041
4042
4045
4046
4050
4053
4055
4059
4061
4071
4072
4073
4074
4075
4076
4080
4081
4083
4086
4088
4090
4091
4092
4093
4095
4096
4097
4098
4106
4107
4108
4109
4117
4118
4120
4121
4124
4126
4129
4130
4131
4133
4136
4137
4138
4139
4140
4146
4147
4149
4150
4154
4155
4156
4157
4158
4159
4160
4161
4162
4163
4165
4166
4167
4168
4170
4171
4172
4173
4175
4176
4177
4178
4179
4180
4181
4182
4183
4184
4185
4187
4190
4191
4195
4196
4199
4200
4205
4206
4207
4208
4209
4211
4213
4215
4216
4218
4219
4221
4222
4224
4226
4229
4230
4231
4232
4235
4236
4239
4241
4242
4244
4247
4248
4249
4250
4251
4254
4255
4256
4257
4259
4260
4264
4265
4266
4267
4272
4273
4274
4275
4276
4278
4279
4280
4282
4287
4291
4293
4294
4295
4297
4298
4299
4300
4303
4305
4306
4308
4311
4312
4313
4314
4315
4318
4321
4322
4324
4327
4332
4333
4334
4336
4343
4344
4345
4346
4349
4353
4354
4356
4359
4363
4365
4367
4369
4370
4371
4372
4375
4376
4378
4379
4381
4382
4383
4384
4385
4387
4388
4391
4392
4394
4400
4401
4403
4406
4407
4408
4409
4410
4411
4415
4416
4417
4418
4420
4421
4422
4423
4425
4426
4427
4428
4429
4433
4434
4435
4436
4437
4438
4439
4440
4441
4442
4444
4446
4447
4448
4449
4450
4451
4452
4453
4454
4455
4456
4457
4460
4461
4467
4468
4469
4471
4472
4473
4474
4476
4479
4480
4481
4482
4483
4484
4486
4491
4492
4494
4495
4496
4497
4498
4499
4500
4501
4503
4504
4505
4508
4510
4511
4512
4514
4515
4516
4517
4520
4523
4524
4525
4526
4533
4535
4537
4539
4540
4541
4544
4545
4547
4551
4553
4555
4556
4558
4560
4561
4562
4569
4570
4571
4572
4575
4584
4585
4589
4592
4596
4597
4598
4599
4601
4602
4603
4604
4605
4606
4607
4610
4611
4612
4614
4616
4617
4618
4622
4624
4629
4632
4633
4634
4635
4636
4637
4641
4642
4643
4644
4645
4646
4647
4648
4650
4652
4653
4654
4655
4656
4658
4660
4661
4664
4665
4666
4669
4671
4674
4675
4677
4678
4679
4680
4681
4682
4683
4685
4687
4688
4691
4693
4698
4699
4700
4701
4702
4703
4705
4708
4709
4710
4711
4715
4716
4717
4719
4722
4723
4726
4727
4728
4731
4732
4733
4735
4736
4741
4745
4746
4747
4751
4753
4755
4756
4757
4758
4759
4764
4765
4767
4768
4769
4771
4772
4773
4774
4775
4777
4778
4779
4780
4782
4784
4787
4790
4793
4794
4795
4799
4803
4805
4807
4810
4811
4815
4817
4818
4820
4821
4827
4829
4830
4832
4833
4834
4836
4837
4838
4839
4840
4841
4843
4844
4845
4846
4847
4849
4850
4852
4854
4855
4861
4862
4863
4864
4865
4866
4867
4868
4869
4870
4872
4874
4875
4876
4877
4878
4881
4887
4888
4891
4893
4896
4898
4900
4901
4904
4905
4906
4907
4908
4913
4917
4918
4919
4920
4924
4930
4933
4934
4942
4944
4946
4949
4950
4952
4958
4961
4964
4965
4968
4969
4970
4971
4973
4976
4977
4979
4980
4982
4983
4984
4986
4987
4989
4990
4992
4993
4996
4997
4998
4999
5002
5004
5005
5006
5007
5008
5009
5011
5013
5014
5016
5018
5020
5021
5024
5027
5030
5032
5033
5034
5036
5037
5038
5039
5040
5042
5045
5046
5049
5050
5051
5053
5054
5058
5059
5060
5065
5066
5067
5069
5070
5071
5072
5073
5075
5076
5080
5081
5082
5083
5084
5085
5086
5087
5088
5090
5091
5094
5097
5098
5099
5101
5103
5105
5107
5108
5109
5110
5113
5114
5115
5119
5120
5121
5122
5123
5124
5125
5126
5127
5132
5133
5136
5137
5139
5142
5143
5144
5145
5146
5147
5149
5150
5151
5153
5155
5156
5159
5163
5167
5168
5173
5178
5179
5180
5181
5183
5184
5187
5192
5193
5195
5197
5199
5200
5202
5204
5206
5207
5208
5214
5217
5218
5220
5222
5224
5226
5227
5228
5229
5230
5231
5232
5233
5234
5236
5237
5240
5241
5242
5243
5244
5245
5246
5249
5250
5251
5252
5253
5254
5260
5262
5263
5264
5268
5269
5270
5274
5280
5281
5283
5284
5286
5291
5292
5293
5295
5297
5298
5299
5300
5307
5308
5311
5312
5313
5314
5322
5325
5326
5327
5328
5329
5330
5331
5336
5337
5339
5340
5342
5343
5353
5355
5356
5357
5358
5359
5360
5363
5364
5366
5367
5370
5372
5373
5375
5376
5378
5379
5380
5382
5383
5384
5385
5386
5387
5388
5394
5396
5401
5403
5405
5406
5407
5410
5411
5417
5419
5420
5421
5422
5423
5425
5426
5428
5432
5433
5434
5435
5436
5437
5438
5439
5443
5444
5447
5448
5449
5450
5451
5452
5453
5455
5456
5457
5458
5459
5460
5461
5463
5469
5470
5475
5478
5481
5482
5483
5485
5487
5492
5493
5494
5495
5496
5497
5499
5500
5501
5502
5503
5505
5507
5508
5509
5510
5511
5512
5513
5515
5516
5522
5525
5526
5527
5528
5530
5537
5542
5543
5545
5547
5548
5553
5554
5555
5556
5563
5566
5567
5569
5571
5572
5574
5575
5577
5578
5580
5581
5582
5583
5586
5587
5588
5589
5592
5593
5594
5595
5597
5598
5600
5602
5604
5605
5607
5608
5611
5612
5613
5614
5615
5617
5619
5620
5621
5622
5624
5625
5626
5627
5630
5631
5632
5634
5635
5636
5637
5638
5639
5645
5646
5647
5648
5651
5656
5657
5660
5663
5664
5665
5669
5670
5673
5675
5677
5678
5682
5683
5687
5689
5690
5694
5695
5697
5700
5701
5703
5704
5707
5708
5710
5711
5712
5714
5715
5717
5718
5720
5722
5723
5726
5727
5728
5729
5730
5731
5733
5735
5736
5737
5738
5739
5740
5742
5744
5747
5750
5754
5756
5758
5760
5765
5767
5768
5772
5773
5774
5776
5778
5779
5780
5781
5782
5784
5785
5786
5787
5789
5790
5792
5793
5796
5801
5802
5804
5805
5807
5808
5809
5811
5812
5813
5814
5815
5816
5818
5819
5820
5821
5822
5823
5825
5826
5827
5828
5829
5830
5831
5832
5833
5835
5836
5837
5839
5841
5842
5843
5844
5846
5847
5848
5852
5857
5859
5861
5862
5866
5867
5869
5870
5871
5872
5875
5876
5877
5878
5879
5880
5882
5886
5887
5888
5889
5890
5891
5892
5893
5896
5898
5902
5903
5905
5906
5916
5920
5922
5923
5926
5928
5929
5930
5931
5933
5934
5937
5938
5939
5941
5942
5944
5945
5946
5948
5949
5950
5952
5953
5954
5955
5956
5957
5958
5960
5962
5964
5965
5970
5973
5974
5975
5977
5978
5990
5991
5993
5995
5996
5998
6001
6002
6003
6004
6008
6010
6011
6015
6016
6017
6018
6025
6026
6027
6028
6029
6030
6031
6032
6034
6036
6037
6039
6040
6043
6045
6046
6050
6053
6054
6055
6056
6058
6059
6063
6064
6065
6067
6068
6069
6070
6071
6073
6074
6075
6076
6078
6079
6080
6081
6084
6085
6086
6088
6089
6090
6092
6094
6095
6096
6098
6099
6101
6102
6103
6105
6106
6108
6109
6110
6111
6112
6114
6115
6117
6118
6119
6121
6122
6123
6124
6125
6126
6127
6128
6129
6131
6132
6133
6134
6135
6138
6139
6142
6146
6152
6155
6156
6157
6158
6161
6162
6163
6164
6165
6166
6167
6169
6170
6172
6173
6174
6175
6177
6178
6179
6180
6183
6184
6185
6187
6189
6190
6192
6195
6197
6198
6199
6200
6201
6202
6203
6204
6205
6206
6208
6209
6210
6211
6213
6216
6219
6224
6231
6232
6234
6235
6236
6237
6238
6240
6241
6243
6244
6245
6246
6248
6249
6254
6256
6259
6261
6262
6265
6266
6267
6268
6269
6277
6289
6291
6292
6293
6295
6296
6297
6299
6300
6301
6302
6304
6305
6308
6311
6314
6315
6316
6317
6318
6321
6327
6328
6329
6331
6332
6333
6334
6335
6336
6337
6338
6339
6340
6342
6344
6346
6347
6349
6350
6352
6353
6354
6355
6356
6357
6358
6361
6362
6364
6365
6366
6367
6369
6370
6371
6376
6377
6378
6379
6380
6381
6382
6384
6386
6387
6388
6394
6395
6396
6397
6399
6402
6403
6404
6406
6407
6408
6410
6411
6414
6415
6417
6418
6419
6420
6422
6423
6424
6429
6430
6431
6432
6435
6438
6442
6447
6449
6450
6451
6452
6453
6454
6455
6456
6459
6460
6461
6462
6467
6468
6469
6471
6473
6474
6476
6477
6479
6480
6482
6483
6484
6487
6489
6491
6494
6496
6497
6499
6500
6501
6502
6503
6504
6505
6508
6510
6511
6512
6513
6514
6516
6517
6518
6523
6524
6525
6526
6532
6533
6534
6535
6536
6537
6538
6539
6540
6541
6543
6545
6548
6551
6552
6553
6554
6555
6556
6559
6561
6562
6563
6565
6566
6567
6571
6573
6575
6576
6578
6580
6581
6582
6583
6586
6588
6589
6591
6594
6596
6600
6605
6606
6608
6612
6618
6619
6621
6624
6625
6627
6628
6629
6630
6631
6632
6637
6638
6639
6641
6643
6646
6647
6648
6650
6651
6654
6655
6656
6658
6662
6663
6665
6667
6670
6672
6677
6679
6680
6681
6682
6685
6686
6687
6689
6691
6692
6696
6699
6700
6701
6702
6705
6707
6708
6710
6712
6713
6714
6715
6716
6717
6718
6719
6720
6721
6723
6726
6727
6729
6730
6731
6733
6734
6736
6737
6738
6746
6748
6750
6751
6761
6762
6763
6765
6766
6767
6768
6769
6771
6774
6777
6780
6781
6785
6789
6790
6794
6795
6796
6797
6798
6799
6801
6802
6803
6804
6805
6808
6809
6810
6811
6812
6813
6815
6816
6820
6822
6824
6825
6826
6827
6830
6831
6832
6833
6835
6837
6840
6842
6845
6846
6850
6851
6853
6854
6857
6862
6863
6864
6866
6867
6868
6870
6872
6873
6874
6876
6877
6879
6880
6882
6884
6885
6889
6891
6892
6895
6897
6898
6899
6901
6902
6903
6904
6905
6906
6907
6908
6909
6911
6912
6913
6914
6918
6919
6920
6922
6923
6924
6925
6926
6927
6929
6930
6931
6933
6934
6936
6938
6939
6941
6942
6946
6947
6949
6950
6953
6954
6956
6957
6959
6961
6962
6964
6965
6966
6967
6968
6970
6973
6975
6977
6978
6979
6980
6981
6982
6983
6984
6985
6986
6987
6988
6994
6996
6998
6999
7000
7001
7004
7005
7007
7011
7012
7013
7014
7015
7016
7019
7020
7022
7023
7025
7026
7028
7029
7031
7032
7033
7040
7041
7042
7044
7047
7048
7049
7050
7051
7054
7055
7058
7061
7064
7067
7068
7070
7071
7072
7073
7074
7075
7079
7081
7082
7084
7086
7088
7091
7092
7093
7097
7100
7102
7103
7104
7106
7108
7109
7110
7111
7112
7113
7114
7116
7117
7119
7121
7124
7125
7127
7128
7130
7132
7133
7134
7136
7137
7138
7139
7140
7141
7145
7146
7147
7149
7150
7151
7152
7155
7158
7162
7163
7168
7170
7171
7172
7173
7175
7176
7178
7179
7180
7181
7183
7184
7185
7186
7187
7192
7194
7196
7197
7200
7201
7203
7204
7205
7206
7207
7208
7209
7211
7212
7213
7214
7215
7216
7217
7218
7220
7222
7223
7225
7232
7233
7234
7235
7237
7239
7245
7246
7247
7251
7252
7253
7257
7258
7259
7260
7261
7262
7263
7264
7265
7267
7268
7272
7273
7274
7275
7277
7278
7282
7284
7285
7287
7289
7290
7291
7293
7295
7296
7298
7300
7301
7302
7304
7305
7306
7309
7312
7313
7315
7316
7327
7330
7335
7340
7342
7343
7344
7345
7347
7349
7350
7352
7353
7354
7357
7359
7360
7361
7363
7367
7370
7374
7375
7379
7380
7381
7382
7386
7387
7392
7393
7394
7395
7396
7397
7398
7399
7400
7405
7408
7410
7411
7412
7414
7417
7422
7429
7432
7433
7435
7436
7437
7438
7439
7442
7444
7446
7452
7453
7454
7458
7460
7462
7464
7467
7468
7470
7471
7473
7474
7475
7476
7477
7478
7479
7480
7482
7484
7486
7487
7488
7489
7490
7491
7492
7494
7495
7496
7497
7499
7500
7501
7502
7505
7506
7507
7508
7509
7510
7511
7513
7514
7515
7516
7517
7521
7522
7524
7525
7526
7527
7528
7529
7532
7533
7534
7535
7536
7537
7538
7539
7540
7542
7544
7546
7547
7550
7552
7553
7554
7555
7557
7558
7559
7560
7561
7562
7563
7565
7566
7567
7570
7571
7572
7573
7576
7577
7578
7579
7581
7582
7583
7584
7585
7586
7587
7588
7589
7590
7591
7592
7593
7594
7595
7596
7597
7598
7599
7601
7602
7609
7610
7611
7613
7614
7618
7620
7621
7624
7625
7627
7628
7629
7630
7633
7634
7636
7637
7638
7639
7640
7642
7643
7645
7647
7648
