4
8
14
24
29
30
32
33
49
58
72
73
85
105
109
113
114
121
122
129
134
139
140
142
151
173
180
194
195
197
198
199
212
216
221
228
229
237
239
240
241
243
262
264
267
285
287
291
296
301
305
309
323
330
332
333
342
344
355
364
365
366
388
402
403
405
408
415
417
418
423
436
437
443
450
459
460
468
476
488
493
500
510
515
520
522
524
525
526
527
531
534
537
541
544
545
548
551
556
557
560
561
563
570
572
574
575
577
581
582
586
596
597
600
605
609
615
620
622
646
665
670
671
672
677
688
695
702
703
704
713
718
723
725
728
730
731
735
737
754
768
775
779
781
782
789
800
801
806
810
812
813
814
831
833
834
851
852
854
855
856
862
864
866
874
876
877
884
890
895
897
901
910
912
924
927
933
941
945
956
978
980
981
993
998
999
1001
1005
1006
1009
1018
1019
1027
1032
1040
1042
1052
1053
1054
1057
1059
1065
1067
1068
1076
1080
1089
1095
1100
1103
1104
1105
1106
1107
1114
1119
1121
1126
1130
1134
1136
1138
1140
1141
1143
1147
1153
1157
1160
1162
1163
1164
1165
1169
1176
1180
1181
1183
1190
1193
1197
1203
1205
1206
1209
1211
1220
1223
1224
1231
1234
1236
1243
1244
1250
1254
1256
1257
1264
1267
1273
1275
1276
1280
1281
1284
1285
1288
1291
1294
1295
1297
1301
1302
1303
1306
1310
1314
1320
1321
1322
1325
1326
1327
1328
1355
1357
1360
1363
1365
1383
1388
1392
1393
1395
1403
1404
1405
1411
1412
1413
1415
1417
1419
1423
1425
1437
1441
1448
1451
1452
1459
1465
1469
1470
1472
1493
1494
1496
1502
1504
1505
1507
1513
1517
1518
1520
1528
1531
1532
1538
1541
1542
1544
1545
1549
1550
1560
1571
1572
1573
1578
1580
1587
1588
1597
1598
1615
1625
1626
1629
1634
1642
1664
1668
1669
1670
1671
1681
1692
1695
1697
1699
1700
1702
1706
1709
1712
1714
1717
1725
1726
1728
1732
1733
1734
1735
1740
1742
1743
1750
1754
1775
1776
1777
1780
1793
1794
1798
1799
1801
1807
1812
1813
1816
1819
1825
1833
1836
1840
1841
1843
1844
1847
1858
1860
1861
1868
1869
1872
1881
1885
1886
1890
1898
1906
1909
1913
1915
1917
1923
1930
1932
1936
1939
1947
1949
1955
1960
1966
1973
1974
1976
1980
1981
1982
1991
1993
1998
1999
2004
2006
2007
2008
2009
2016
2020
2024
2025
2027
2031
2035
2037
2039
2048
2049
2051
2052
2056
2066
2067
2081
2082
2083
2085
2087
2092
2114
2121
2126
2133
2136
2137
2141
2145
2156
2160
2162
2163
2166
2167
2173
2176
2193
2195
2197
2203
2205
2208
2210
2213
2214
2222
2224
2235
2236
2241
2242
2246
2248
2251
2259
2267
2270
2276
2277
2280
2281
2284
2285
2289
2290
2300
2304
2310
2316
2322
2325
2326
2331
2337
2339
2344
2345
2346
2350
2355
2357
2358
2367
2370
2371
2372
2374
2377
2384
2387
2393
2402
2404
2416
2418
2420
2422
2428
2431
2432
2433
2435
2436
2438
2441
2448
2458
2462
2464
2465
2471
2472
2475
2478
2481
2488
2506
2507
2510
2511
2512
2514
2516
2517
2526
2527
2533
2536
2546
2550
2551
2567
2574
2579
2602
2606
2609
2610
2612
2613
2614
2639
2642
2644
2645
2648
2654
2662
2666
2669
2675
2677
2678
2679
2682
2684
2685
2687
2690
2693
2696
2700
2704
2705
2718
2719
2722
2724
2725
2726
2727
2736
2752
2756
2758
2762
2768
2771
2773
2774
2775
2776
2779
2784
2788
2789
2790
2791
2792
2798
2800
2802
2803
2807
2808
2821
2824
2825
2827
2828
2829
2835
2837
2839
2841
2842
2853
2867
2872
2875
2876
2877
2890
2893
2894
2896
2902
2910
2911
2915
2919
2920
2922
2925
2934
2936
2938
2942
2950
2953
2964
2969
2973
2977
2980
2983
2986
2992
2998
3002
3003
3004
3005
3009
3012
3014
3022
3025
3026
3029
3033
3034
3039
3041
3042
3045
3050
3053
3054
3055
3061
3062
3063
3068
3071
3076
3077
3085
3086
3092
3093
3103
3109
3110
3114
3117
3121
3127
3131
3135
3138
3140
3146
3150
3151
3152
3157
3160
3161
3172
3173
3175
3183
3191
3194
3196
3197
3198
3207
3213
3219
3226
3228
3230
3233
3234
3235
3238
3240
3243
3248
3249
3253
3259
3261
3268
3269
3273
3274
3279
3282
3284
3285
3286
3290
3292
3295
3298
3303
3305
3306
3309
3310
3314
3322
3323
3324
3326
3328
3332
3333
3336
3340
3341
3343
3346
3347
3348
3349
3353
3357
3360
3368
3370
3371
3382
3386
3388
3390
3394
3395
3412
3416
3422
3425
3430
3437
3440
3443
3444
3445
3450
3451
3454
3457
3460
3464
3465
3467
3469
3470
3472
3477
3485
3494
3499
3501
3504
3505
3506
3507
3511
3517
3519
3524
3525
3526
3527
3528
3531
3533
3537
3540
3547
3548
3551
3554
3557
3558
3559
3560
3561
3567
3568
3574
3576
3578
3579
3585
3588
3589
3593
3597
3598
3600
3604
3612
3616
3617
3624
3626
3627
3628
3629
3638
3641
3645
3646
3648
3652
3653
3658
3664
3665
3669
3674
3681
3685
3690
3699
3704
3710
3715
3718
3720
3721
3732
3733
3735
3743
3745
3748
3754
3756
3772
3778
3781
3782
3784
3798
3803
3804
3806
3810
3811
3815
3822
3836
3852
3866
3868
3869
3871
3873
3879
3892
3895
3900
3914
3920
3923
3925
3932
3936
3937
3955
3958
3960
3962
3963
3967
3969
3970
3972
3973
3974
3985
3986
3987
3990
4000
4002
4004
4007
4008
4010
4011
4012
4019
4020
4025
4035
4043
4054
4055
4057
4060
4070
4077
4078
4080
4082
4084
4085
4086
4087
4090
4093
4094
4100
4105
4113
4116
4119
4123
4127
4131
4132
4137
4141
4142
4143
4144
4145
4148
4151
4152
4153
4163
4185
4186
4194
4201
4204
4210
4211
4217
4220
4224
4227
4229
4230
4233
4240
4243
4245
4246
4252
4253
4254
4258
4261
4268
4269
4271
4277
4282
4284
4286
4288
4289
4296
4297
4299
4302
4304
4307
4309
4310
4316
4317
4319
4320
4323
4328
4330
4335
4338
4341
4342
4347
4348
4350
4360
4362
4364
4366
4371
4375
4377
4383
4393
4395
4398
4402
4404
4405
4412
4415
4423
4430
4432
4460
4464
4465
4473
4474
4478
4486
4488
4489
4507
4513
4517
4521
4527
4528
4530
4531
4532
4534
4535
4536
4545
4551
4552
4554
4556
4558
4562
4564
4566
4567
4572
4573
4575
4582
4584
4585
4590
4604
4613
4614
4620
4621
4623
4625
4640
4645
4649
4656
4657
4659
4660
4670
4671
4676
4684
4686
4690
4691
4692
4699
4706
4708
4712
4714
4715
4716
4723
4729
4732
4733
4738
4739
4740
4742
4743
4744
4745
4747
4751
4752
4754
4760
4761
4763
4764
4765
4781
4789
4795
4797
4799
4800
4801
4802
4803
4804
4805
4810
4812
4831
4832
4834
4835
4844
4848
4851
4853
4856
4857
4858
4859
4861
4873
4874
4879
4882
4883
4885
4887
4889
4892
4895
4897
4909
4911
4913
4914
4921
4923
4925
4926
4927
4928
4936
4937
4938
4939
4941
4942
4943
4947
4949
4953
4954
4959
4962
4966
4975
4978
4981
4988
4995
4996
5001
5010
5015
5016
5017
5019
5021
5029
5030
5039
5041
5042
5047
5048
5052
5059
5063
5064
5068
5077
5078
5079
5088
5089
5092
5095
5099
5100
5102
5104
5106
5110
5118
5119
5120
5123
5128
5134
5141
5148
5152
5157
5160
5171
5174
5177
5182
5183
5198
5201
5203
5205
5207
5208
5209
5210
5211
5219
5221
5223
5225
5231
5235
5238
5239
5247
5261
5264
5265
5271
5272
5275
5276
5280
5285
5287
5290
5294
5302
5303
5304
5305
5307
5309
5310
5315
5318
5320
5332
5333
5338
5342
5343
5346
5350
5354
5359
5361
5365
5366
5374
5378
5393
5394
5395
5399
5400
5407
5408
5413
5416
5417
5418
5427
5440
5442
5445
5446
5451
5461
5462
5464
5465
5467
5468
5469
5473
5477
5479
5480
5482
5487
5488
5498
5504
5506
5511
5512
5519
5527
5534
5536
5538
5539
5540
5542
5548
5550
5557
5559
5560
5569
5570
5571
5573
5574
5576
5579
5581
5584
5590
5591
5596
5597
5598
5602
5607
5616
5626
5633
5658
5659
5661
5665
5670
5674
5675
5678
5679
5681
5691
5696
5698
5699
5700
5702
5704
5705
5707
5708
5713
5721
5727
5729
5736
5741
5742
5743
5746
5751
5752
5758
5761
5765
5770
5775
5788
5794
5795
5797
5798
5800
5803
5810
5822
5823
5824
5825
5832
5838
5842
5843
5845
5850
5861
5874
5881
5895
5898
5906
5914
5916
5920
5921
5925
5927
5934
5935
5937
5940
5943
5950
5953
5959
5962
5963
5970
5971
5972
5974
5981
5982
5988
5992
6001
6008
6022
6028
6038
6041
6044
6045
6047
6048
6051
6056
6060
6061
6068
6071
6079
6082
6084
6086
6087
6091
6092
6093
6097
6100
6107
6110
6113
6120
6129
6130
6133
6134
6136
6137
6139
6143
6144
6145
6149
6150
6153
6154
6159
6160
6162
6163
6167
6168
6171
6176
6177
6178
6182
6186
6190
6192
6196
6200
6207
6214
6220
6225
6226
6228
6230
6231
6240
6242
6246
6257
6262
6263
6273
6274
6276
6278
6283
6284
6285
6286
6287
6303
6306
6307
6309
6314
6322
6323
6326
6344
6348
6359
6360
6363
6365
6374
6381
6383
6385
6387
6388
6390
6391
6392
6400
6401
6403
6405
6409
6410
6414
6416
6443
6444
6447
6451
6457
6463
6464
6466
6470
6476
6486
6488
6497
6498
6499
6504
6506
6508
6509
6513
6518
6524
6533
6538
6540
6542
6546
6547
6549
6551
6557
6560
6562
6568
6570
6572
6575
6577
6579
6585
6587
6590
6595
6598
6599
6600
6609
6610
6611
6612
6614
6618
6619
6623
6631
6633
6642
6649
6650
6652
6656
6659
6660
6666
6667
6671
6674
6675
6676
6679
6681
6683
6697
6698
6704
6711
6722
6723
6731
6735
6739
6740
6741
6745
6749
6753
6756
6757
6758
6776
6781
6782
6783
6798
6800
6814
6825
6838
6846
6847
6848
6849
6852
6855
6858
6871
6875
6878
6880
6883
6886
6887
6888
6890
6893
6896
6907
6910
6915
6916
6918
6934
6935
6943
6944
6945
6948
6958
6963
6971
6974
6981
6989
6991
6993
6999
7009
7010
7012
7016
7020
7021
7027
7033
7034
7035
7037
7041
7045
7049
7053
7057
7062
7066
7069
7077
7083
7085
7088
7090
7094
7095
7096
7097
7099
7100
7101
7103
7115
7118
7120
7123
7135
7136
7144
7147
7153
7154
7158
7160
7161
7165
7170
7177
7181
7186
7187
7189
7190
7194
7195
7198
7199
7205
7210
7219
7221
7224
7228
7244
7248
7254
7257
7260
7270
7279
7288
7290
7291
7292
7307
7313
7314
7315
7316
7321
7325
7328
7334
7337
7338
7340
7341
7348
7355
7356
7361
7367
7369
7374
7377
7378
7380
7384
7385
7390
7391
7393
7394
7397
7400
7402
7406
7415
7420
7421
7423
7426
7428
7440
7447
7448
7449
7450
7451
7455
7459
7461
7463
7465
7466
7469
7471
7483
7485
7503
7504
7505
7512
7523
7524
7526
7528
7531
7541
7548
7552
7556
7561
7568
7575
7592
7600
7603
7604
7606
7607
7608
7616
7617
7622
7623
7631
7632
7635
7646
