9
17
21
23
42
44
60
69
70
84
85
86
88
89
90
94
98
115
117
127
128
130
134
135
136
138
141
145
146
154
156
159
181
182
183
184
185
188
190
193
203
211
223
232
270
276
287
307
310
313
319
325
326
337
343
358
371
372
373
381
390
395
406
407
409
439
447
455
457
458
461
467
469
504
506
515
530
539
542
543
547
549
551
552
560
565
569
580
584
586
593
594
597
599
601
602
604
605
606
607
608
613
617
619
623
631
635
636
642
644
645
646
654
662
673
680
684
686
687
689
691
692
697
701
706
710
713
718
719
724
731
736
742
745
747
755
759
760
765
778
779
785
786
787
788
793
803
804
811
815
826
829
830
838
849
877
878
880
881
883
888
889
891
893
902
915
916
919
921
924
928
940
952
961
966
971
974
975
979
980
982
984
990
1002
1003
1007
1012
1013
1021
1023
1025
1031
1036
1038
1043
1044
1045
1049
1050
1054
1058
1064
1068
1069
1070
1072
1073
1074
1075
1079
1081
1085
1087
1091
1092
1099
1100
1113
1114
1116
1127
1129
1138
1155
1163
1168
1171
1174
1177
1185
1187
1190
1191
1192
1196
1205
1213
1216
1217
1219
1230
1233
1236
1237
1238
1246
1258
1260
1261
1265
1266
1269
1277
1279
1281
1287
1303
1327
1345
1349
1350
1352
1372
1380
1397
1417
1429
1430
1438
1440
1444
1455
1458
1464
1467
1481
1482
1486
1491
1511
1520
1524
1526
1527
1529
1530
1533
1553
1554
1556
1565
1572
1579
1580
1586
1597
1608
1611
1621
1623
1625
1627
1628
1631
1632
1637
1640
1641
1643
1649
1651
1660
1662
1667
1669
1674
1678
1694
1698
1711
1715
1718
1720
1729
1744
1749
1757
1760
1765
1784
1786
1800
1814
1815
1816
1818
1820
1823
1838
1847
1851
1852
1853
1858
1859
1867
1874
1877
1886
1891
1895
1910
1914
1919
1920
1922
1923
1924
1925
1926
1928
1930
1931
1933
1934
1935
1950
1951
1955
1956
1957
1959
1965
1969
1970
1975
2000
2001
2014
2015
2019
2026
2032
2036
2064
2071
2073
2074
2076
2088
2089
2093
2100
2106
2108
2111
2112
2119
2121
2122
2133
2134
2143
2148
2151
2155
2170
2174
2175
2177
2178
2180
2185
2198
2201
2202
2204
2207
2260
2273
2278
2283
2284
2286
2292
2293
2303
2312
2315
2321
2326
2328
2330
2333
2340
2341
2342
2365
2368
2380
2389
2396
2406
2417
2425
2426
2440
2446
2449
2450
2458
2462
2466
2468
2469
2473
2476
2477
2479
2480
2483
2486
2491
2492
2510
2515
2529
2535
2541
2544
2546
2547
2548
2551
2556
2559
2563
2578
2580
2587
2589
2590
2595
2600
2603
2605
2608
2610
2618
2621
2632
2637
2638
2643
2647
2651
2655
2657
2663
2664
2666
2668
2669
2671
2681
2683
2692
2696
2704
2707
2712
2715
2726
2733
2735
2740
2743
2745
2750
2751
2758
2761
2764
2765
2767
2770
2783
2786
2789
2794
2799
2803
2810
2817
2818
2819
2820
2825
2826
2834
2836
2843
2855
2860
2865
2866
2870
2872
2882
2894
2896
2901
2906
2910
2913
2918
2921
2923
2931
2932
2935
2942
2948
2949
2960
2974
2981
2990
2991
2993
2994
2995
2999
3000
3005
3006
3016
3018
3019
3020
3027
3046
3048
3079
3081
3084
3086
3091
3094
3096
3097
3106
3110
3111
3113
3115
3116
3118
3119
3120
3129
3169
3174
3176
3182
3186
3202
3211
3212
3213
3222
3227
3231
3241
3247
3258
3262
3264
3265
3272
3283
3289
3294
3297
3298
3304
3307
3316
3319
3321
3324
3352
3369
3377
3378
3419
3423
3431
3456
3466
3468
3475
3483
3488
3489
3491
3509
3512
3542
3543
3563
3565
3566
3584
3585
3592
3599
3609
3611
3633
3647
3657
3660
3665
3674
3675
3697
3698
3705
3707
3717
3718
3726
3735
3737
3741
3752
3755
3767
3770
3774
3782
3787
3793
3795
3796
3809
3813
3814
3816
3818
3819
3830
3831
3837
3840
3843
3846
3867
3877
3882
3884
3885
3888
3889
3890
3894
3899
3901
3904
3920
3931
3941
3942
3944
3953
3956
3959
3965
3969
3975
3976
3977
3992
3993
3995
3996
3997
4001
4024
4029
4031
4037
4050
4061
4073
4074
4075
4076
4086
4088
4090
4091
4095
4096
4098
4107
4109
4114
4118
4125
4130
4136
4138
4140
4146
4150
4154
4155
4156
4158
4161
4162
4165
4175
4178
4180
4187
4190
4191
4209
4213
4214
4215
4216
4218
4221
4232
4233
4236
4241
4247
4249
4251
4255
4261
4265
4267
4270
4273
4276
4278
4303
4305
4308
4312
4334
4368
4373
4377
4378
4379
4380
4382
4384
4385
4386
4388
4394
4400
4409
4410
4425
4435
4436
4437
4438
4439
4441
4447
4452
4455
4456
4457
4469
4472
4473
4474
4490
4491
4500
4503
4514
4523
4525
4540
4541
4544
4569
4570
4592
4603
4605
4614
4617
4618
4624
4626
4633
4635
4636
4644
4647
4648
4653
4654
4665
4669
4674
4677
4682
4683
4699
4710
4711
4735
4755
4758
4759
4762
4767
4769
4775
4777
4778
4779
4782
4784
4792
4795
4824
4827
4834
4836
4839
4840
4844
4852
4854
4855
4861
4862
4869
4870
4871
4872
4877
4900
4901
4906
4908
4913
4917
4918
4924
4933
4934
4946
4948
4952
4959
4961
4964
4974
4979
4980
4984
4985
4986
4992
4999
5005
5006
5007
5011
5016
5030
5032
5034
5039
5040
5042
5049
5054
5070
5071
5073
5075
5080
5086
5087
5088
5090
5091
5097
5109
5119
5121
5122
5123
5125
5126
5129
5132
5136
5142
5143
5145
5146
5147
5149
5151
5152
5153
5155
5156
5163
5192
5193
5200
5206
5207
5214
5217
5220
5224
5226
5236
5240
5241
5243
5245
5246
5262
5263
5270
5281
5286
5292
5298
5299
5307
5327
5336
5337
5339
5342
5355
5357
5360
5364
5370
5376
5382
5383
5389
5392
5396
5401
5403
5410
5417
5428
5435
5436
5444
5448
5450
5456
5457
5461
5475
5481
5493
5507
5512
5518
5528
5530
5531
5543
5553
5554
5555
5562
5566
5572
5587
5594
5611
5612
5613
5632
5635
5639
5647
5657
5658
5660
5665
5669
5682
5689
5690
5694
5695
5720
5731
5740
5757
5767
5769
5773
5774
5777
5783
5792
5796
5801
5819
5821
5822
5826
5827
5828
5829
5830
5836
5847
5848
5852
5859
5861
5862
5866
5882
5886
5887
5890
5892
5920
5923
5945
5953
5956
5957
5960
5964
5967
5968
5975
5977
5991
5993
5994
5995
6001
6003
6004
6008
6016
6017
6025
6026
6035
6040
6043
6053
6054
6059
6063
6064
6065
6068
6070
6071
6072
6080
6081
6084
6085
6088
6092
6095
6096
6098
6101
6108
6119
6123
6125
6127
6134
6139
6152
6155
6156
6157
6161
6162
6163
6164
6165
6169
6170
6173
6174
6175
6180
6189
6192
6200
6210
6213
6231
6232
6262
6269
6277
6293
6299
6300
6301
6302
6311
6321
6329
6338
6350
6351
6352
6353
6354
6361
6366
6367
6378
6394
6395
6406
6407
6411
6414
6420
6424
6430
6431
6437
6438
6442
6448
6449
6456
6460
6469
6474
6478
6479
6480
6496
6497
6499
6500
6501
6502
6505
6511
6516
6532
6533
6538
6539
6540
6549
6552
6562
6563
6567
6571
6583
6587
6588
6594
6628
6629
6630
6638
6639
6641
6647
6648
6650
6651
6656
6672
6680
6681
6682
6689
6701
6713
6726
6729
6730
6748
6762
6763
6766
6777
6780
6781
6789
6790
6794
6795
6799
6801
6803
6809
6810
6822
6835
6837
6840
6857
6862
6863
6885
6895
6900
6902
6911
6920
6924
6931
6942
6947
6950
6953
6954
6961
6965
6980
6982
6985
7000
7005
7006
7007
7012
7014
7016
7020
7047
7048
7054
7058
7068
7070
7071
7081
7086
7092
7097
7103
7111
7112
7150
7155
7156
7162
7163
7170
7180
7185
7188
7191
7197
7199
7202
7203
7204
7206
7207
7212
7215
7216
7225
7229
7230
7234
7245
7254
7278
7289
7290
7291
7301
7302
7306
7328
7360
7361
7363
7364
7371
7375
7379
7380
7382
7400
7405
7417
7422
7428
7446
7454
7460
7467
7476
7481
7484
7487
7491
7492
7497
7498
7500
7503
7506
7507
7508
7510
7513
7516
7517
7524
7525
7544
7547
7552
7554
7555
7558
7559
7561
7562
7570
7576
7578
7581
7582
7594
7595
7598
7605
7618
7638
7647
